PearsonCorrelation: -0.3144580875515331 
--------------------------------:  
WeeklyAgeConsumption
Age: 	AvgWalc < NumOfRecords > 	[ data ]:  
15	: 1.92 	< 83 >	[3, 3, 1, 1, 1, 2, 1, 3, 2, 1, 1, 1, 1, 2, 4, 4, 1, 1, 1, 1, 1, 1, 1, 4, 1, 1, 1, 2, 1, 1, 4, 3, 4, 1, 1, 1, 4, 5, 3, 3, 1, 4, 3, 1, 3, 2, 1, 3, 3, 3, 3, 3, 1, 1, 1, 1, 1, 1, 1, 5, 1, 1, 1, 1, 2, 2, 2, 2, 1, 2, 2, 1, 1, 1, 1, 1, 2, 1, 1, 5, 3, 1, 4]
19	: 1.92 	< 25 >	[1, 1, 1, 2, 1, 3, 3, 1, 1, 2, 3, 2, 1, 2, 2, 1, 1, 2, 3, 3, 3, 1, 3, 2, 3]
20	: 2.00 	< 4 >	[1, 1, 1, 5]
16	: 2.28 	< 105 >	[2, 2, 2, 1, 2, 2, 1, 3, 3, 4, 3, 1, 5, 1, 1, 2, 2, 4, 1, 3, 1, 1, 3, 5, 1, 4, 2, 2, 1, 2, 4, 3, 2, 2, 1, 5, 3, 3, 1, 1, 1, 2, 1, 5, 1, 1, 1, 1, 1, 2, 1, 2, 4, 1, 5, 4, 1, 3, 2, 3, 1, 5, 2, 4, 4, 1, 4, 1, 1, 1, 4, 1, 1, 1, 4, 4, 3, 2, 2, 2, 2, 1, 4, 1, 5, 2, 5, 3, 1, 2, 1, 4, 1, 1, 1, 4, 1, 3, 1, 1, 2, 1, 4, 3, 3]
18	: 2.36 	< 85 >	[1, 1, 1, 1, 2, 5, 5, 4, 4, 5, 1, 5, 5, 1, 3, 4, 5, 2, 3, 1, 1, 1, 4, 2, 3, 2, 3, 1, 1, 4, 1, 2, 1, 1, 2, 3, 1, 4, 1, 1, 2, 1, 2, 1, 1, 2, 1, 3, 2, 4, 1, 1, 1, 1, 2, 3, 2, 3, 2, 3, 5, 3, 1, 2, 1, 4, 3, 3, 4, 2, 2, 2, 3, 1, 2, 4, 2, 4, 3, 3, 3, 2, 1, 1, 4]
17	: 2.56 	< 99 >	[1, 1, 1, 4, 1, 4, 3, 4, 2, 1, 3, 2, 4, 5, 3, 4, 4, 1, 3, 3, 3, 3, 5, 1, 5, 1, 2, 3, 3, 2, 4, 1, 5, 2, 3, 4, 4, 1, 2, 1, 3, 3, 2, 2, 1, 3, 5, 1, 4, 3, 1, 4, 2, 1, 1, 1, 4, 2, 1, 3, 4, 4, 2, 2, 1, 2, 1, 3, 2, 1, 2, 5, 2, 1, 2, 3, 3, 5, 5, 3, 2, 1, 3, 3, 3, 2, 3, 3, 3, 2, 2, 1, 2, 2, 1, 3, 3, 1, 4]
21	: 3.00 	< 2 >	[3, 3]
22	: 5.00 	< 2 >	[5, 5]
--------------------------------:  
baselineAverage: 2.2846347607052895 
totalWeekendAlcohol: 917.0 
totalCount: 402 
averageWeekendAlcohol: 2.281094527363184 
FamilyRelInfluenceWalc: -0.15495839435675868 %
--------------------------------:  
SchoolWithHighestAlcoholConsumption: GP (0.54% )
