PearsonCorrelation: -0.31205799511509696 
--------------------------------:  
WeeklyAgeConsumbtion: 16 [2, 2, 1, 2, 2, 1, 3, 3, 4, 3, 1, 5, 1, 1, 2, 2, 4, 1, 3, 1, 1, 3, 5, 1, 4, 2, 2, 1, 2, 4, 3, 2, 2, 1, 5, 3, 3, 1, 1, 1, 2, 1, 5, 1, 1, 1, 1, 1, 2, 1, 2, 4, 1, 5, 4, 1, 3, 2, 3, 1, 5, 2, 4, 4, 1, 4, 1, 1, 1, 4, 1, 1, 1, 4, 4, 3, 2, 2, 2, 2, 1, 4, 1, 5, 2, 5, 3, 1, 2, 1, 4, 1, 1, 1, 4, 1, 3, 1, 1, 2, 1, 4, 3, 3]
WeeklyAgeConsumbtion: 17 [1, 1, 4, 1, 4, 3, 4, 2, 1, 3, 2, 4, 5, 3, 4, 4, 1, 3, 3, 3, 3, 5, 1, 5, 1, 2, 3, 3, 2, 4, 1, 5, 2, 3, 4, 4, 1, 2, 1, 3, 3, 2, 2, 1, 3, 5, 1, 4, 3, 1, 4, 2, 1, 1, 1, 4, 2, 1, 3, 4, 4, 2, 2, 1, 2, 1, 3, 2, 1, 2, 5, 2, 1, 2, 3, 3, 5, 5, 3, 2, 1, 3, 3, 3, 2, 3, 3, 3, 2, 2, 1, 2, 2, 1, 3, 3, 1, 4]
WeeklyAgeConsumbtion: 18 [1, 2, 5, 5, 4, 4, 5, 1, 5, 5, 1, 3, 4, 5, 2, 3, 1, 1, 1, 4, 2, 3, 2, 3, 1, 1, 4, 1, 2, 1, 1, 2, 3, 1, 4, 1, 1, 2, 1, 2, 1, 1, 2, 1, 3, 2, 4, 1, 1, 1, 1, 2, 3, 2, 3, 2, 3, 5, 3, 1, 2, 1, 4, 3, 3, 4, 2, 2, 2, 3, 1, 2, 4, 2, 4, 3, 3, 3, 2, 1, 1, 4]
WeeklyAgeConsumbtion: 19 [1, 1, 2, 1, 3, 3, 1, 1, 2, 3, 2, 1, 2, 2, 1, 1, 2, 3, 3, 3, 1, 3, 2, 3]
WeeklyAgeConsumbtion: 20 [1, 1, 5]
WeeklyAgeConsumbtion: 21 [3]
WeeklyAgeConsumbtion: 22 [5]
WeeklyAgeConsumbtion: 15 [3, 1, 1, 1, 2, 1, 3, 2, 1, 1, 1, 1, 2, 4, 4, 1, 1, 1, 1, 1, 1, 1, 4, 1, 1, 1, 2, 1, 1, 4, 3, 4, 1, 1, 1, 4, 5, 3, 3, 1, 4, 3, 1, 3, 2, 1, 3, 3, 3, 3, 3, 1, 1, 1, 1, 1, 1, 1, 5, 1, 1, 1, 1, 2, 2, 2, 2, 1, 2, 2, 1, 1, 1, 1, 1, 2, 1, 1, 5, 3, 1, 4]
