PearsonCorrelation: -0.31205799511509696 
--------------------------------:  
WeeklyAgeConsumption
Age: 	AvgWalc < NumOfRecords > 	[ data ]:  
15: 	1.89 	< 81 >	[1, 1, 1, 2, 1, 3, 2, 1, 1, 1, 1, 2, 4, 4, 1, 1, 1, 1, 1, 1, 1, 4, 1, 1, 1, 2, 1, 1, 4, 3, 4, 1, 1, 1, 4, 5, 3, 3, 1, 4, 3, 1, 3, 2, 1, 3, 3, 3, 3, 3, 1, 1, 1, 1, 1, 1, 1, 5, 1, 1, 1, 1, 2, 2, 2, 2, 1, 2, 2, 1, 1, 1, 1, 1, 2, 1, 1, 5, 3, 1, 4]
19: 	2.00 	< 23 >	[1, 2, 1, 3, 3, 1, 1, 2, 3, 2, 1, 2, 2, 1, 1, 2, 3, 3, 3, 1, 3, 2, 3]
16: 	2.28 	< 103 >	[2, 1, 2, 2, 1, 3, 3, 4, 3, 1, 5, 1, 1, 2, 2, 4, 1, 3, 1, 1, 3, 5, 1, 4, 2, 2, 1, 2, 4, 3, 2, 2, 1, 5, 3, 3, 1, 1, 1, 2, 1, 5, 1, 1, 1, 1, 1, 2, 1, 2, 4, 1, 5, 4, 1, 3, 2, 3, 1, 5, 2, 4, 4, 1, 4, 1, 1, 1, 4, 1, 1, 1, 4, 4, 3, 2, 2, 2, 2, 1, 4, 1, 5, 2, 5, 3, 1, 2, 1, 4, 1, 1, 1, 4, 1, 3, 1, 1, 2, 1, 4, 3, 3]
18: 	2.43 	< 81 >	[2, 5, 5, 4, 4, 5, 1, 5, 5, 1, 3, 4, 5, 2, 3, 1, 1, 1, 4, 2, 3, 2, 3, 1, 1, 4, 1, 2, 1, 1, 2, 3, 1, 4, 1, 1, 2, 1, 2, 1, 1, 2, 1, 3, 2, 4, 1, 1, 1, 1, 2, 3, 2, 3, 2, 3, 5, 3, 1, 2, 1, 4, 3, 3, 4, 2, 2, 2, 3, 1, 2, 4, 2, 4, 3, 3, 3, 2, 1, 1, 4]
17: 	2.59 	< 97 >	[1, 4, 1, 4, 3, 4, 2, 1, 3, 2, 4, 5, 3, 4, 4, 1, 3, 3, 3, 3, 5, 1, 5, 1, 2, 3, 3, 2, 4, 1, 5, 2, 3, 4, 4, 1, 2, 1, 3, 3, 2, 2, 1, 3, 5, 1, 4, 3, 1, 4, 2, 1, 1, 1, 4, 2, 1, 3, 4, 4, 2, 2, 1, 2, 1, 3, 2, 1, 2, 5, 2, 1, 2, 3, 3, 5, 5, 3, 2, 1, 3, 3, 3, 2, 3, 3, 3, 2, 2, 1, 2, 2, 1, 3, 3, 1, 4]
20: 	3.00 	< 2 >	[1, 5]
21: 	NaN 	< 0 >	[]
22: 	NaN 	< 0 >	[]
